[gd_scene load_steps=23 format=3 uid="uid://sah1757ioacl"]

[ext_resource type="Script" path="res://weapons/weapon_resources/weapon.gd" id="1_ooje1"]
[ext_resource type="ArrayMesh" uid="uid://rckjj0k0wp57" path="res://weapons/weapon_meshes/ak74m_default_mesh.tres" id="2_ptfwd"]
[ext_resource type="ArrayMesh" uid="uid://bdmwshdkivm8r" path="res://weapons/weapon_meshes/ak74m_default_mesh_1.tres" id="3_nh5py"]
[ext_resource type="ArrayMesh" uid="uid://de3ytu3w0o4ma" path="res://weapons/weapon_meshes/ak74m_default_mesh_2.tres" id="4_r48wr"]
[ext_resource type="AudioStream" uid="uid://q6aufvsxjqrk" path="res://assets/sfx/rifle_indoors.mp3" id="8_npsla"]
[ext_resource type="AudioStream" uid="uid://bcbpmcn7ie6xp" path="res://assets/sfx/ak-reload.mp3" id="9_0mapj"]

[sub_resource type="Skin" id="Skin_nbe3p"]
resource_name = "Skin"
bind_count = 85
bind/0/name = &"_rootJoint"
bind/0/bone = -1
bind/0/pose = Transform3D(1, 0, 0, 0, 1, 0, 0, 0, 1, 0, 0, 0)
bind/1/name = &"Root_01"
bind/1/bone = -1
bind/1/pose = Transform3D(100, 0, 0, 0, 100, 0, 0, 0, 100, 0, 0, 0)
bind/2/name = &"Arm_L_02"
bind/2/bone = -1
bind/2/pose = Transform3D(0.062347, 0.241785, 0.968325, 0.968325, -0.249694, -3.63266e-08, 0.241784, 0.937653, -0.249694, -0.0521857, 0.0538927, -0.202379)
bind/3/name = &"UpArm_L_03"
bind/3/bone = -1
bind/3/pose = Transform3D(0.815442, 0.450805, 0.363083, 0.363082, -0.886873, 0.285704, 0.450805, -0.101146, -0.886873, -0.229406, 0.0796089, -0.0682722)
bind/4/name = &"Forearm_L_04"
bind/4/bone = -1
bind/4/pose = Transform3D(100, 0, 0, 0, 100, 0, 0, 0, 100, 0, 0, 0)
bind/5/name = &"BoneTwist_03.L_05"
bind/5/bone = -1
bind/5/pose = Transform3D(0.944525, 0.30893, 0.111514, -0.0936146, -0.0722173, 0.992986, 0.314816, -0.948339, -0.0392907, -0.250213, -0.0328831, -0.0894889)
bind/6/name = &"BoneTwist_02.L_06"
bind/6/bone = -1
bind/6/pose = Transform3D(0.944524, 0.308934, 0.111514, -0.0936149, -0.0722173, 0.992986, 0.31482, -0.948338, -0.0392901, -0.250213, -0.131611, -0.08949)
bind/7/name = &"BoneTwist_01.L_07"
bind/7/bone = -1
bind/7/pose = Transform3D(0.944525, 0.308929, 0.111514, -0.0936146, -0.0722173, 0.992986, 0.314816, -0.948339, -0.0392908, -0.250213, -0.230338, -0.0894888)
bind/8/name = &"BoneTwist_01.L_end_064"
bind/8/bone = -1
bind/8/pose = Transform3D(100, 0, 0, 0, 100, 0, 0, 0, 100, 0, 0, 0)
bind/9/name = &"Arm_R_08"
bind/9/bone = -1
bind/9/pose = Transform3D(0.062347, -0.241785, -0.968325, -0.968325, -0.249694, -3.63266e-08, -0.241784, 0.937653, -0.249694, 0.0521857, 0.0538927, -0.202379)
bind/10/name = &"UpArm_R_09"
bind/10/bone = -1
bind/10/pose = Transform3D(0.815442, -0.450805, -0.363083, -0.363082, -0.886873, 0.285704, -0.450805, -0.101146, -0.886873, 0.229406, 0.0796089, -0.0682722)
bind/11/name = &"Forearm_R_010"
bind/11/bone = -1
bind/11/pose = Transform3D(100, 0, 0, 0, 100, 0, 0, 0, 100, 0, 0, 0)
bind/12/name = &"BoneTwist_03.R_011"
bind/12/bone = -1
bind/12/pose = Transform3D(0.944525, -0.30893, -0.111514, 0.0936146, -0.0722173, 0.992986, -0.314816, -0.948339, -0.0392907, 0.250213, -0.0328831, -0.0894889)
bind/13/name = &"BoneTwist_02.R_012"
bind/13/bone = -1
bind/13/pose = Transform3D(0.944524, -0.308934, -0.111514, 0.0936149, -0.0722173, 0.992986, -0.31482, -0.948338, -0.0392901, 0.250213, -0.131611, -0.08949)
bind/14/name = &"BoneTwist_01.R_013"
bind/14/bone = -1
bind/14/pose = Transform3D(0.944525, -0.308929, -0.111514, 0.0936146, -0.0722173, 0.992986, -0.314816, -0.948339, -0.0392908, 0.250213, -0.230338, -0.0894888)
bind/15/name = &"BoneTwist_01.R_end_065"
bind/15/bone = -1
bind/15/pose = Transform3D(100, 0, 0, 0, 100, 0, 0, 0, 100, 0, 0, 0)
bind/16/name = &"Head_Cam_014"
bind/16/bone = -1
bind/16/pose = Transform3D(100, 0, 0, 0, 100, 0, 0, 0, 100, 0, 0, 0)
bind/17/name = &"Head_Cam_end_066"
bind/17/bone = -1
bind/17/pose = Transform3D(100, 0, 0, 0, 100, 0, 0, 0, 100, 0, 0, 0)
bind/18/name = &"IK_Hand_Cntrl_L_015"
bind/18/bone = -1
bind/18/pose = Transform3D(100, 0, 0, 0, 100, 0, 0, 0, 100, 0, 0, 0)
bind/19/name = &"Hand_L_016"
bind/19/bone = -1
bind/19/pose = Transform3D(0.953085, 0.266086, 0.144316, -0.117267, -0.114968, 0.986423, 0.279065, -0.957069, -0.0783711, -0.265074, -0.322573, -0.0676844)
bind/20/name = &"Bone_L.004_017"
bind/20/bone = -1
bind/20/pose = Transform3D(0.954389, 0.298275, -0.0131634, -0.0448684, 0.186874, 0.981358, 0.295175, -0.936007, 0.191734, -0.209073, -0.328257, -0.165635)
bind/21/name = &"Bone_L.005_018"
bind/21/bone = -1
bind/21/pose = Transform3D(0.870935, 0.318142, 0.374509, -0.36967, -0.0779366, 0.925888, 0.323752, -0.944834, 0.04973, -0.385443, -0.38289, -0.100583)
bind/22/name = &"Bone_L.006_019"
bind/22/bone = -1
bind/22/pose = Transform3D(0.772097, 0.301307, 0.559537, -0.550095, -0.124004, 0.825844, 0.318217, -0.94543, 0.0700046, -0.467088, -0.342092, -0.110621)
bind/23/name = &"Bone_L.007_020"
bind/23/bone = -1
bind/23/pose = Transform3D(0.41101, 0.196936, 0.890105, -0.853687, -0.2594, 0.451586, 0.319827, -0.945477, 0.0615058, -0.589712, -0.0998209, -0.106029)
bind/24/name = &"Bone_L.007_end_067"
bind/24/bone = -1
bind/24/pose = Transform3D(100, 0, 0, 0, 100, 0, 0, 0, 100, 0, 0, 0)
bind/25/name = &"Bone_L.008_021"
bind/25/bone = -1
bind/25/pose = Transform3D(0.97828, 0.204611, 0.0332115, -0.025304, -0.0411432, 0.998833, 0.205739, -0.977978, -0.035072, -0.233875, -0.346109, -0.0664076)
bind/26/name = &"Bone_L.009_022"
bind/26/bone = -1
bind/26/pose = Transform3D(0.934648, 0.118281, 0.335323, -0.315458, -0.159308, 0.935471, 0.164068, -0.980117, -0.111584, -0.379202, -0.404481, -0.0183877)
bind/27/name = &"Bone_L.010_023"
bind/27/bone = -1
bind/27/pose = Transform3D(0.712145, 0.0651302, 0.699005, -0.674232, -0.213972, 0.706843, 0.195604, -0.974666, -0.108466, -0.533458, -0.25295, -0.0266182)
bind/28/name = &"Bone_L.011_024"
bind/28/bone = -1
bind/28/pose = Transform3D(0.260714, -0.00223945, 0.965413, -0.938657, -0.234396, 0.252945, 0.225722, -0.972139, -0.0632124, -0.60377, 0.0215161, -0.0581945)
bind/29/name = &"Bone_L.011_end_068"
bind/29/bone = -1
bind/29/pose = Transform3D(100, 0, 0, 0, 100, 0, 0, 0, 100, 0, 0, 0)
bind/30/name = &"Bone_L.012_025"
bind/30/bone = -1
bind/30/pose = Transform3D(0.984434, 0.167377, 0.0536203, -0.0129197, -0.235344, 0.971826, 0.17528, -0.957391, -0.229518, -0.243646, -0.345605, 0.00963407)
bind/31/name = &"Bone_L.013_026"
bind/31/bone = -1
bind/31/pose = Transform3D(0.949844, 0.00883168, 0.3126, -0.299003, -0.267206, 0.916077, 0.0916194, -0.963599, -0.251164, -0.375868, -0.406972, 0.0394289)
bind/32/name = &"Bone_L.014_027"
bind/32/bone = -1
bind/32/pose = Transform3D(0.572794, -0.189296, 0.797542, -0.816376, -0.219266, 0.534278, 0.0737374, -0.957125, -0.280131, -0.569156, -0.124977, 0.059428)
bind/33/name = &"Bone_L.015_028"
bind/33/bone = -1
bind/33/pose = Transform3D(-0.0785492, -0.281315, 0.956395, -0.988287, -0.103934, -0.11174, 0.130836, -0.95397, -0.269856, -0.541714, 0.24109, 0.0431274)
bind/34/name = &"Bone_L.015_end_069"
bind/34/bone = -1
bind/34/pose = Transform3D(100, 0, 0, 0, 100, 0, 0, 0, 100, 0, 0, 0)
bind/35/name = &"Bone_L.016_029"
bind/35/bone = -1
bind/35/pose = Transform3D(0.30027, 0.857126, 0.418537, -0.0345438, -0.428725, 0.902774, 0.953228, -0.285534, -0.099125, -0.190284, -0.322363, -0.196908)
bind/36/name = &"Bone_L.017_030"
bind/36/bone = -1
bind/36/pose = Transform3D(0.865956, -0.386754, 0.317083, -0.47094, -0.41719, 0.777282, -0.168333, -0.822419, -0.543406, -0.391351, -0.315139, 0.224897)
bind/37/name = &"Bone_L.018_031"
bind/37/bone = -1
bind/37/pose = Transform3D(0.482875, -0.559762, 0.673422, -0.865625, -0.188863, 0.463707, -0.132381, -0.806844, -0.575741, -0.511928, -0.0743172, 0.23557)
bind/38/name = &"Bone_L.019_032"
bind/38/bone = -1
bind/38/pose = Transform3D(-0.0289587, -0.539032, 0.841787, -0.993618, 0.107367, 0.0345696, -0.109014, -0.835414, -0.538701, -0.502269, 0.181089, 0.208271)
bind/39/name = &"Bone_L.019_end_070"
bind/39/bone = -1
bind/39/pose = Transform3D(100, 0, 0, 0, 100, 0, 0, 0, 100, 0, 0, 0)
bind/40/name = &"Bone_L.020_033"
bind/40/bone = -1
bind/40/pose = Transform3D(0.166349, 0.643125, -0.747475, -0.461233, 0.720746, 0.517482, 0.871545, 0.258678, 0.416526, 0.289424, -0.108458, -0.333649)
bind/41/name = &"Bone_L.021_034"
bind/41/bone = -1
bind/41/pose = Transform3D(-0.0544992, 0.912345, -0.405777, -0.474925, 0.333786, 0.814268, 0.878337, 0.237091, 0.415105, 0.173419, -0.280645, -0.333862)
bind/42/name = &"Bone_L.022_035"
bind/42/bone = -1
bind/42/pose = Transform3D(-0.305607, 0.945282, 0.114215, -0.363062, -0.22658, 0.903796, 0.880222, 0.23474, 0.412441, -0.0358244, -0.366394, -0.332816)
bind/43/name = &"Bone_L.022_end_071"
bind/43/bone = -1
bind/43/pose = Transform3D(100, 0, 0, 0, 100, 0, 0, 0, 100, 0, 0, 0)
bind/44/name = &"IK_PoleTrgt_L_00"
bind/44/bone = -1
bind/44/pose = Transform3D(100, 0, 0, 0, 100, 0, 0, 0, 100, 0, 0, 0)
bind/45/name = &"IK_PoleTrgt_L_end_072"
bind/45/bone = -1
bind/45/pose = Transform3D(100, 0, 0, 0, 100, 0, 0, 0, 100, 0, 0, 0)
bind/46/name = &"IK_Hand_Cntrl_R_036"
bind/46/bone = -1
bind/46/pose = Transform3D(100, 0, 0, 0, 100, 0, 0, 0, 100, 0, 0, 0)
bind/47/name = &"Hand_R_037"
bind/47/bone = -1
bind/47/pose = Transform3D(0.953085, -0.266086, -0.144316, 0.117267, -0.114968, 0.986423, -0.279065, -0.957069, -0.0783711, 0.265074, -0.322573, -0.0676844)
bind/48/name = &"Bone_R.004_038"
bind/48/bone = -1
bind/48/pose = Transform3D(0.954389, -0.298275, 0.0131634, 0.0448684, 0.186874, 0.981358, -0.295175, -0.936007, 0.191734, 0.209073, -0.328257, -0.165635)
bind/49/name = &"Bone_R.005_039"
bind/49/bone = -1
bind/49/pose = Transform3D(0.870935, -0.318142, -0.374509, 0.36967, -0.0779366, 0.925888, -0.323752, -0.944834, 0.04973, 0.385443, -0.38289, -0.100583)
bind/50/name = &"Bone_R.006_040"
bind/50/bone = -1
bind/50/pose = Transform3D(0.772097, -0.301307, -0.559537, 0.550095, -0.124004, 0.825844, -0.318217, -0.94543, 0.0700046, 0.467088, -0.342092, -0.110621)
bind/51/name = &"Bone_R.007_041"
bind/51/bone = -1
bind/51/pose = Transform3D(0.41101, -0.196936, -0.890105, 0.853687, -0.2594, 0.451586, -0.319827, -0.945477, 0.0615058, 0.589712, -0.0998209, -0.106029)
bind/52/name = &"Bone_R.007_end_073"
bind/52/bone = -1
bind/52/pose = Transform3D(100, 0, 0, 0, 100, 0, 0, 0, 100, 0, 0, 0)
bind/53/name = &"Bone_R.008_042"
bind/53/bone = -1
bind/53/pose = Transform3D(0.97828, -0.204611, -0.0332115, 0.025304, -0.0411432, 0.998833, -0.205739, -0.977978, -0.035072, 0.233875, -0.346109, -0.0664076)
bind/54/name = &"Bone_R.009_043"
bind/54/bone = -1
bind/54/pose = Transform3D(0.934648, -0.118281, -0.335323, 0.315458, -0.159308, 0.935471, -0.164068, -0.980117, -0.111584, 0.379202, -0.404481, -0.0183877)
bind/55/name = &"Bone_R.010_044"
bind/55/bone = -1
bind/55/pose = Transform3D(0.712145, -0.0651302, -0.699005, 0.674232, -0.213972, 0.706843, -0.195604, -0.974666, -0.108466, 0.533458, -0.25295, -0.0266182)
bind/56/name = &"Bone_R.011_045"
bind/56/bone = -1
bind/56/pose = Transform3D(0.260714, 0.00223945, -0.965413, 0.938657, -0.234396, 0.252945, -0.225722, -0.972139, -0.0632124, 0.60377, 0.0215161, -0.0581945)
bind/57/name = &"Bone_R.011_end_074"
bind/57/bone = -1
bind/57/pose = Transform3D(100, 0, 0, 0, 100, 0, 0, 0, 100, 0, 0, 0)
bind/58/name = &"Bone_R.012_046"
bind/58/bone = -1
bind/58/pose = Transform3D(0.984434, -0.167377, -0.0536203, 0.0129197, -0.235344, 0.971826, -0.17528, -0.957391, -0.229518, 0.243646, -0.345605, 0.00963407)
bind/59/name = &"Bone_R.013_047"
bind/59/bone = -1
bind/59/pose = Transform3D(0.949844, -0.00883168, -0.3126, 0.299003, -0.267206, 0.916077, -0.0916194, -0.963599, -0.251164, 0.375868, -0.406972, 0.0394289)
bind/60/name = &"Bone_R.014_048"
bind/60/bone = -1
bind/60/pose = Transform3D(0.572794, 0.189296, -0.797542, 0.816376, -0.219266, 0.534278, -0.0737374, -0.957125, -0.280131, 0.569156, -0.124977, 0.059428)
bind/61/name = &"Bone_R.015_049"
bind/61/bone = -1
bind/61/pose = Transform3D(-0.0785492, 0.281315, -0.956395, 0.988287, -0.103934, -0.11174, -0.130836, -0.95397, -0.269856, 0.541714, 0.24109, 0.0431274)
bind/62/name = &"Bone_R.015_end_075"
bind/62/bone = -1
bind/62/pose = Transform3D(100, 0, 0, 0, 100, 0, 0, 0, 100, 0, 0, 0)
bind/63/name = &"Bone_R.016_050"
bind/63/bone = -1
bind/63/pose = Transform3D(0.99216, -0.0938454, -0.0825311, 0.0345438, -0.428725, 0.902774, -0.120104, -0.898547, -0.422122, 0.257907, -0.322363, 0.0920042)
bind/64/name = &"Bone_R.017_051"
bind/64/bone = -1
bind/64/pose = Transform3D(0.865956, 0.386754, -0.317083, 0.47094, -0.41719, 0.777282, 0.168333, -0.822419, -0.543406, 0.391351, -0.315139, 0.224897)
bind/65/name = &"Bone_R.018_052"
bind/65/bone = -1
bind/65/pose = Transform3D(0.482875, 0.559762, -0.673423, 0.865625, -0.188863, 0.463707, 0.132381, -0.806844, -0.575741, 0.511929, -0.0743171, 0.23557)
bind/66/name = &"Bone_R.019_053"
bind/66/bone = -1
bind/66/pose = Transform3D(-0.0289588, 0.539032, -0.841787, 0.993618, 0.107367, 0.0345695, 0.109014, -0.835414, -0.538701, 0.502269, 0.181089, 0.208271)
bind/67/name = &"Bone_R.019_end_076"
bind/67/bone = -1
bind/67/pose = Transform3D(100, 0, 0, 0, 100, 0, 0, 0, 100, 0, 0, 0)
bind/68/name = &"Bone_R.020_054"
bind/68/bone = -1
bind/68/pose = Transform3D(0.166349, -0.643125, 0.747475, 0.461233, 0.720746, 0.517482, -0.871545, 0.258678, 0.416526, -0.289424, -0.108458, -0.333649)
bind/69/name = &"Bone_R.021_055"
bind/69/bone = -1
bind/69/pose = Transform3D(-0.0544992, -0.912345, 0.405777, 0.474925, 0.333786, 0.814268, -0.878337, 0.237091, 0.415105, -0.173419, -0.280645, -0.333862)
bind/70/name = &"Bone_R.022_056"
bind/70/bone = -1
bind/70/pose = Transform3D(-0.305607, -0.945282, -0.114215, 0.363062, -0.22658, 0.903796, -0.880222, 0.23474, 0.412441, 0.0358244, -0.366394, -0.332816)
bind/71/name = &"Bone_R.022_end_077"
bind/71/bone = -1
bind/71/pose = Transform3D(100, 0, 0, 0, 100, 0, 0, 0, 100, 0, 0, 0)
bind/72/name = &"IK_PoleTrgt_R_057"
bind/72/bone = -1
bind/72/pose = Transform3D(100, 0, 0, 0, 100, 0, 0, 0, 100, 0, 0, 0)
bind/73/name = &"IK_PoleTrgt_R_end_078"
bind/73/bone = -1
bind/73/pose = Transform3D(100, 0, 0, 0, 100, 0, 0, 0, 100, 0, 0, 0)
bind/74/name = &"PBody_058"
bind/74/bone = -1
bind/74/pose = Transform3D(1, 4.76835e-07, -1.46239e-09, -7.59565e-14, 0.00306702, 0.999995, 4.76837e-07, -0.999995, 0.00306702, 2.10748e-05, -0.232401, 0.129181)
bind/75/name = &"Rif_059"
bind/75/bone = -1
bind/75/pose = Transform3D(0.999976, 0.00694443, 3.94091e-05, 3.92962e-05, 1.64022e-05, -1, -0.00694443, 0.999976, 1.61289e-05, -0.000912797, 0.274425, -0.13024)
bind/76/name = &"Rif_end_079"
bind/76/bone = -1
bind/76/pose = Transform3D(100, 0, 0, 0, 100, 0, 0, 0, 100, 0, 0, 0)
bind/77/name = &"Trigger_060"
bind/77/bone = -1
bind/77/pose = Transform3D(1, -1.13189e-08, -2.38426e-07, -1.1473e-08, -1, -0.000646416, -2.38419e-07, 0.000646416, -1, 0.00873814, 0.085312, 0.0730748)
bind/78/name = &"Trigger_end_080"
bind/78/bone = -1
bind/78/pose = Transform3D(100, 0, 0, 0, 100, 0, 0, 0, 100, 0, 0, 0)
bind/79/name = &"Safety_061"
bind/79/bone = -1
bind/79/pose = Transform3D(1, -3.89414e-07, -1.46238e-09, 1.46238e-09, 1.74623e-08, 1, -3.89414e-07, -1, 1.74623e-08, 0.0300282, -0.0358372, 0.115329)
bind/80/name = &"Safety_end_081"
bind/80/bone = -1
bind/80/pose = Transform3D(100, 0, 0, 0, 100, 0, 0, 0, 100, 0, 0, 0)
bind/81/name = &"Pmag_062"
bind/81/bone = -1
bind/81/pose = Transform3D(1, -2.95082e-10, -4.76837e-07, 2.00452e-17, 1, -0.000618831, 4.76837e-07, 0.000618831, 1, 0.00873823, 0.0879958, -0.211402)
bind/82/name = &"Pmag_end_082"
bind/82/bone = -1
bind/82/pose = Transform3D(100, 0, 0, 0, 100, 0, 0, 0, 100, 0, 0, 0)
bind/83/name = &"Pmag2_063"
bind/83/bone = -1
bind/83/pose = Transform3D(1, -2.95082e-10, -4.76837e-07, 2.00452e-17, 1, -0.000618831, 4.76837e-07, 0.000618831, 1, 0.00873823, 0.0879958, -0.211402)
bind/84/name = &"Pmag2_end_083"
bind/84/bone = -1
bind/84/pose = Transform3D(100, 0, 0, 0, 100, 0, 0, 0, 100, 0, 0, 0)

[sub_resource type="Animation" id="Animation_io2xf"]
resource_name = "Rig|AK_Draw"
length = 0.648333
tracks/0/type = "rotation_3d"
tracks/0/imported = true
tracks/0/enabled = true
tracks/0/path = NodePath("Sketchfab_model/810f0276179d4425a118b331d5f38189_fbx/Object_2/RootNode/Rig/Object_8/Skeleton3D:BoneTwist_01.L_07")
tracks/0/interp = 1
tracks/0/loop_wrap = true
tracks/0/keys = PackedFloat32Array(0, 1, 5.40391e-08, 0.0287589, -1.528e-07, 0.999586, 0.0333333, 1, 7.67197e-08, 0.0955847, -1.4689e-07, 0.995421, 0.0666667, 1, 9.4603e-08, 0.263117, -1.37078e-07, 0.964764, 0.1, 1, 1.03271e-07, 0.432107, -7.22898e-08, 0.901822, 0.133333, 1, 6.01887e-08, 0.441104, -1.75377e-07, 0.897456, 0.166667, 1, 1.11007e-07, 0.402251, -1.51062e-07, 0.91553, 0.2, 1, 1.07886e-07, 0.358867, -1.125e-07, 0.933389, 0.233333, 1, 6.72796e-08, 0.296163, -1.16764e-07, 0.955137, 0.266667, 1, 1.21527e-07, 0.194369, -6.17129e-08, 0.980928, 0.3, 1, 4.10133e-08, 0.0413783, -1.54732e-07, 0.999144, 0.333333, 1, -9.40999e-09, -0.143038, -1.16449e-07, 0.989717, 0.366667, 1, -5.88077e-09, -0.311628, -7.84103e-08, 0.950204, 0.4, 1, -9.26292e-09, -0.425653, -1.21447e-07, 0.904886, 0.433333, 1, -2.54616e-08, -0.478917, -1.44283e-07, 0.87786, 0.466667, 1, -5.88246e-09, -0.491629, -1.11228e-07, 0.870805, 0.5, 1, -8.40578e-08, -0.493508, -1.54196e-07, 0.869741, 0.533333, 1, -4.18621e-08, -0.497179, -1.84623e-07, 0.867648, 0.566667, 1, -6.42951e-08, -0.494626, -1.86456e-07, 0.869106, 0.6, 1, 2.13692e-09, -0.490126, -1.51721e-07, 0.871652, 0.633333, 1, 4.6898e-08, -0.486333, -1.84927e-07, 0.873773, 0.648333, 1, 4.6898e-08, -0.486333, -1.84927e-07, 0.873773)
tracks/1/type = "scale_3d"
tracks/1/imported = true
tracks/1/enabled = true
tracks/1/path = NodePath("Sketchfab_model/810f0276179d4425a118b331d5f38189_fbx/Object_2/RootNode/Rig/Object_8/Skeleton3D:BoneTwist_01.L_07")
tracks/1/interp = 1
tracks/1/loop_wrap = true
tracks/1/keys = PackedFloat32Array(0, 1, 1, 0.999999, 1)
tracks/2/type = "rotation_3d"
tracks/2/imported = true
tracks/2/enabled = true
tracks/2/path = NodePath("Sketchfab_model/810f0276179d4425a118b331d5f38189_fbx/Object_2/RootNode/Rig/Object_8/Skeleton3D:BoneTwist_02.L_06")
tracks/2/interp = 1
tracks/2/loop_wrap = true
tracks/2/keys = PackedFloat32Array(0, 1, -1.83513e-07, 0.021574, 1.65814e-07, 0.999767, 0.0333333, 1, -1.07379e-07, 0.07174, 1.22318e-07, 0.997423, 0.0666667, 1, -8.17177e-08, 0.198368, 1.17825e-07, 0.980128, 0.1, 1, -1.40038e-07, 0.328887, 1.06508e-07, 0.944369, 0.133333, 1, -1.95781e-07, 0.335961, 1.07284e-07, 0.941876, 0.166667, 1, -1.04656e-07, 0.30552, 1.27763e-07, 0.952186, 0.2, 1, -1.27624e-07, 0.27183, 1.35487e-07, 0.962345, 0.233333, 1, -1.3425e-07, 0.223602, 1.53121e-07, 0.97468, 0.266667, 1, -1.10148e-07, 0.146189, 1.54396e-07, 0.989257, 0.3, 1, -2.14307e-08, 0.0310416, 1.19267e-07, 0.999518, 0.333333, 1, -6.16239e-08, -0.107436, 1.40746e-07, 0.994212, 0.366667, 1, -7.66608e-09, -0.235444, 1.81111e-07, 0.971888, 0.4, 1, -4.42958e-09, -0.323814, 1.86044e-07, 0.946121, 0.433333, 1, -4.50316e-08, -0.365864, 6.8048e-08, 0.930668, 0.466667, 1, 4.2213e-08, -0.37599, 1.96994e-07, 0.926624, 0.5, 1, 5.22979e-08, -0.37749, 1.04597e-07, 0.926013, 0.533333, 1, 2.87006e-08, -0.380423, 1.65154e-07, 0.924813, 0.566667, 1, 8.8539e-08, -0.378383, 1.40858e-07, 0.925649, 0.6, 1, 6.42909e-08, -0.374791, 2.08945e-07, 0.927109, 0.633333, 1, -2.30742e-08, -0.371767, 1.90613e-07, 0.928326, 0.648333, 1, -2.30742e-08, -0.371767, 1.90613e-07, 0.928326)
tracks/3/type = "scale_3d"
tracks/3/imported = true
tracks/3/enabled = true
tracks/3/path = NodePath("Sketchfab_model/810f0276179d4425a118b331d5f38189_fbx/Object_2/RootNode/Rig/Object_8/Skeleton3D:BoneTwist_02.L_06")
tracks/3/interp = 1
tracks/3/loop_wrap = true
tracks/3/keys = PackedFloat32Array(0, 1, 1, 1, 1)
tracks/4/type = "rotation_3d"
tracks/4/imported = true
tracks/4/enabled = true
tracks/4/path = NodePath("Sketchfab_model/810f0276179d4425a118b331d5f38189_fbx/Object_2/RootNode/Rig/Object_8/Skeleton3D:Forearm_L_04")
tracks/4/interp = 1
tracks/4/loop_wrap = true
tracks/4/keys = PackedFloat32Array(0, 1, -0.4335, -0.165405, -0.0362746, 0.8851, 0.0333333, 1, -0.496316, -0.159293, -0.0415309, 0.852391, 0.0666667, 1, -0.575441, -0.149975, -0.048152, 0.802531, 0.1, 1, -0.592189, -0.147743, -0.0495534, 0.790587, 0.133333, 1, -0.571752, -0.150454, -0.0478433, 0.805092, 0.166667, 1, -0.59403, -0.147492, -0.0497074, 0.789242, 0.2, 1, -0.651953, -0.13893, -0.0545544, 0.743425, 0.233333, 1, -0.72106, -0.126796, -0.060337, 0.678495, 0.266667, 1, -0.781396, -0.114003, -0.065386, 0.610039, 0.3, 1, -0.822968, -0.103587, -0.0688646, 0.554302, 0.333333, 1, -0.846907, -0.0968081, -0.0708679, 0.518029, 0.366667, 1, 0.86034, 0.0926957, 0.0719919, -0.496024, 0.4, 1, 0.869958, 0.0895934, 0.0727967, -0.479423, 0.433333, 1, 0.879475, 0.0863781, 0.073593, -0.462218, 0.466667, 1, 0.890022, 0.0826257, 0.0744756, -0.442139, 0.5, 1, 0.894181, 0.0810855, 0.0748236, -0.433897, 0.533333, 1, 0.894962, 0.0807921, 0.074889, -0.432327, 0.648333, 1, 0.89506, 0.0807555, 0.0748971, -0.432131)
tracks/5/type = "rotation_3d"
tracks/5/imported = true
tracks/5/enabled = true
tracks/5/path = NodePath("Sketchfab_model/810f0276179d4425a118b331d5f38189_fbx/Object_2/RootNode/Rig/Object_8/Skeleton3D:UpArm_L_03")
tracks/5/interp = 1
tracks/5/loop_wrap = true
tracks/5/keys = PackedFloat32Array(0, 1, -0.324799, -0.101308, 0.303225, 0.89011, 0.0333333, 1, -0.263847, -0.164405, 0.347748, 0.884549, 0.0666667, 1, -0.187973, -0.322481, 0.41471, 0.829872, 0.1, 1, -0.187281, -0.475764, 0.392981, 0.764291, 0.133333, 1, -0.224681, -0.56445, 0.307095, 0.732535, 0.166667, 1, -0.244565, -0.584827, 0.249857, 0.731941, 0.2, 1, -0.238399, -0.567505, 0.237426, 0.751487, 0.233333, 1, -0.217188, -0.527395, 0.252972, 0.781466, 0.266667, 1, -0.194979, -0.473232, 0.277408, 0.813068, 0.3, 1, -0.18406, -0.416063, 0.296923, 0.839553, 0.333333, 1, -0.186584, -0.369101, 0.30721, 0.857072, 0.366667, 1, -0.193409, -0.338409, 0.31212, 0.866403, 0.4, 1, -0.191653, -0.324317, 0.315207, 0.871052, 0.433333, 1, -0.16643, -0.328323, 0.3159, 0.874478, 0.466667, 1, -0.103855, -0.356343, 0.307381, 0.876214, 0.5, 1, -0.0346954, -0.388509, 0.293386, 0.872801, 0.533333, 1, 0.021214, -0.410538, 0.282215, 0.866812, 0.566667, 1, 0.0685298, -0.430157, 0.268986, 0.85902, 0.6, 1, 0.102552, -0.444329, 0.257716, 0.851843, 0.633333, 1, 0.120705, -0.452019, 0.250911, 0.847439, 0.648333, 1, 0.120705, -0.452019, 0.250911, 0.847439)
tracks/6/type = "rotation_3d"
tracks/6/imported = true
tracks/6/enabled = true
tracks/6/path = NodePath("Sketchfab_model/810f0276179d4425a118b331d5f38189_fbx/Object_2/RootNode/Rig/Object_8/Skeleton3D:Arm_L_02")
tracks/6/interp = 1
tracks/6/loop_wrap = true
tracks/6/keys = PackedFloat32Array(0, 1, 0.624847, 0.484163, 0.484162, -0.375153, 0.0333333, 1, 0.625206, 0.483931, 0.486144, -0.372281, 0.0666667, 1, 0.626193, 0.483233, 0.491792, -0.364018, 0.1, 1, 0.627627, 0.482026, 0.500643, -0.350845, 0.133333, 1, 0.629284, 0.480233, 0.512204, -0.333203, 0.166667, 1, 0.630918, 0.477759, 0.525957, -0.311541, 0.2, 1, 0.632278, 0.474517, 0.541355, -0.286346, 0.233333, 1, 0.63313, 0.470439, 0.557837, -0.258168, 0.266667, 1, 0.633283, 0.4655, 0.574842, -0.227639, 0.3, 1, 0.6326, 0.459727, 0.591826, -0.195472, 0.366667, 1, 0.628577, 0.446096, 0.623816, -0.129395, 0.4, 1, 0.625368, 0.438603, 0.638047, -0.097154, 0.433333, 1, 0.621581, 0.43099, 0.650735, -0.0665509, 0.466667, 1, 0.617461, 0.423552, 0.66172, -0.0383701, 0.5, 1, 0.613296, 0.416604, 0.670918, -0.0133382, 0.533333, 1, 0.609394, 0.410463, 0.678304, 0.00787961, 0.566667, 1, 0.606066, 0.405441, 0.683881, 0.0246679, 0.6, 1, 0.603604, 0.401833, 0.687651, 0.0364426, 0.633333, 1, 0.60227, 0.399911, 0.689584, 0.0426217, 0.648333, 1, 0.60227, 0.399911, 0.689584, 0.0426217)
tracks/7/type = "rotation_3d"
tracks/7/imported = true
tracks/7/enabled = true
tracks/7/path = NodePath("Sketchfab_model/810f0276179d4425a118b331d5f38189_fbx/Object_2/RootNode/Rig/Object_8/Skeleton3D:BoneTwist_01.R_013")
tracks/7/interp = 1
tracks/7/loop_wrap = true
tracks/7/keys = PackedFloat32Array(0, 1, 3.82138e-08, -0.0393399, 1.63108e-07, 0.999226, 0.0333333, 1, 6.35023e-08, -0.073619, 1.32608e-07, 0.997286, 0.0666667, 1, 1.63969e-07, -0.152536, 1.2816e-07, 0.988298, 0.1, 1, 2.49017e-08, -0.23333, 1.81974e-07, 0.972398, 0.133333, 1, 7.85026e-08, -0.276721, 1.13393e-07, 0.96095, 0.166667, 1, 5.18372e-08, -0.275863, 1.12395e-07, 0.961197, 0.2, 1, 2.42949e-08, -0.285595, 7.38566e-08, 0.958351, 0.233333, 1, 2.73683e-08, -0.303533, 8.01499e-08, 0.952821, 0.266667, 1, 4.9049e-09, -0.314132, 6.27828e-08, 0.949379, 0.3, 1, 4.67515e-08, -0.308534, 1.19449e-07, 0.951213, 0.333333, 1, 1.1635e-07, -0.291616, 1.49941e-07, 0.956535, 0.366667, 1, 6.96389e-08, -0.269864, 1.35409e-08, 0.962898, 0.4, 1, 2.30274e-07, -0.240466, 1.01704e-07, 0.970658, 0.433333, 1, 2.27977e-08, -0.196827, 1.78582e-07, 0.980438, 0.466667, 1, 1.22109e-07, -0.130039, 1.4747e-07, 0.991509, 0.5, 1, 3.55816e-08, -0.103642, 7.86552e-08, 0.994615, 0.533333, 1, 9.16848e-08, -0.0950613, 1.60916e-07, 0.995471, 0.566667, 1, -2.52187e-08, -0.0764793, 1.53185e-07, 0.997071, 0.6, 1, 1.0169e-07, -0.0587698, 1.80057e-07, 0.998272, 0.633333, 1, -6.52658e-09, -0.0473457, 1.66894e-07, 0.998879, 0.648333, 1, -6.52658e-09, -0.0473457, 1.66894e-07, 0.998879)
tracks/8/type = "scale_3d"
tracks/8/imported = true
tracks/8/enabled = true
tracks/8/path = NodePath("Sketchfab_model/810f0276179d4425a118b331d5f38189_fbx/Object_2/RootNode/Rig/Object_8/Skeleton3D:BoneTwist_01.R_013")
tracks/8/interp = 1
tracks/8/loop_wrap = true
tracks/8/keys = PackedFloat32Array(0, 1, 1, 1, 1)
tracks/9/type = "rotation_3d"
tracks/9/imported = true
tracks/9/enabled = true
tracks/9/path = NodePath("Sketchfab_model/810f0276179d4425a118b331d5f38189_fbx/Object_2/RootNode/Rig/Object_8/Skeleton3D:BoneTwist_02.R_012")
tracks/9/interp = 1
tracks/9/loop_wrap = true
tracks/9/keys = PackedFloat32Array(0, 1, -1.1833e-07, -0.0295123, -6.80162e-08, 0.999564, 0.0333333, 1, -1.67894e-07, -0.0552401, -1.60432e-07, 0.998473, 0.0666667, 1, 9.375e-09, -0.114602, -1.6125e-07, 0.993411, 0.1, 1, -1.12579e-07, -0.175713, -1.68395e-07, 0.984441, 0.133333, 1, -1.47607e-07, -0.208744, -1.68081e-07, 0.97797, 0.166667, 1, 3.04693e-08, -0.208089, -1.89957e-07, 0.97811, 0.2, 1, -8.96512e-08, -0.215521, -1.29708e-07, 0.976499, 0.233333, 1, -1.56976e-07, -0.229246, -1.41607e-07, 0.973368, 0.266667, 1, -1.33263e-07, -0.237373, -2.18589e-07, 0.971418, 0.3, 1, -8.42776e-08, -0.233079, -1.68555e-07, 0.972458, 0.333333, 1, -1.41302e-07, -0.220123, -1.77582e-07, 0.975472, 0.366667, 1, -1.17001e-07, -0.203511, -1.95953e-07, 0.979073, 0.4, 1, -1.19794e-07, -0.181133, -1.32578e-07, 0.983459, 0.433333, 1, -1.0547e-07, -0.148048, -1.75156e-07, 0.98898, 0.466667, 1, -5.82534e-08, -0.0976541, -1.12295e-07, 0.99522, 0.5, 1, -9.52836e-08, -0.0777967, -1.47363e-07, 0.996969, 0.533333, 1, -7.00277e-09, -0.0713472, -1.46591e-07, 0.997452, 0.566667, 1, -7.83613e-08, -0.057388, -1.33748e-07, 0.998352, 0.6, 1, -2.51702e-08, -0.0440925, -1.07323e-07, 0.999027, 0.633333, 1, -7.64167e-08, -0.0355191, -1.16722e-07, 0.999369, 0.648333, 1, -7.64167e-08, -0.0355191, -1.16722e-07, 0.999369)
tracks/10/type = "scale_3d"
tracks/10/imported = true
tracks/10/enabled = true
tracks/10/path = NodePath("Sketchfab_model/810f0276179d4425a118b331d5f38189_fbx/Object_2/RootNode/Rig/Object_8/Skeleton3D:BoneTwist_02.R_012")
tracks/10/interp = 1
tracks/10/loop_wrap = true
tracks/10/keys = PackedFloat32Array(0, 1, 1, 1, 1)
tracks/11/type = "rotation_3d"
tracks/11/imported = true
tracks/11/enabled = true
tracks/11/path = NodePath("Sketchfab_model/810f0276179d4425a118b331d5f38189_fbx/Object_2/RootNode/Rig/Object_8/Skeleton3D:Forearm_R_010")
tracks/11/interp = 1
tracks/11/loop_wrap = true
tracks/11/keys = PackedFloat32Array(0, 1, -0.484993, 0.160474, 0.0405834, 0.85871, 0.0333333, 1, -0.528642, 0.155719, 0.0442359, 0.833266, 0.0666667, 1, -0.612027, 0.14497, 0.0512134, 0.775748, 0.1, 1, -0.686453, 0.133163, 0.0574413, 0.712566, 0.133333, 1, -0.747737, 0.121431, 0.0625696, 0.649791, 0.166667, 1, -0.804665, 0.108363, 0.0673331, 0.57986, 0.2, 1, -0.855482, 0.0942113, 0.0715854, 0.504133, 0.233333, 1, 0.898775, -0.079341, -0.075208, -0.424562, 0.3, 1, 0.963429, -0.0469438, -0.0806182, -0.251201, 0.333333, 1, 0.981319, -0.0319607, -0.0821152, -0.171025, 0.366667, 1, 0.991232, -0.0188952, -0.0829447, -0.10111, 0.4, 1, 0.99562, -0.00779259, -0.0833119, -0.0416991, 0.433333, 1, 0.994297, -0.0122554, -0.0832012, -0.0655803, 0.466667, 1, 0.985505, -0.0272342, -0.0824655, -0.145733, 0.5, 1, 0.977034, -0.036147, -0.0817567, -0.193426, 0.533333, 1, 0.9697, -0.0423289, -0.081143, -0.226506, 0.566667, 1, 0.961039, -0.0485797, -0.0804182, -0.259955, 0.6, 1, 0.953378, -0.0534637, -0.0797771, -0.28609, 0.633333, 1, 0.948655, -0.0562461, -0.079382, -0.300978, 0.648333, 1, 0.948655, -0.0562461, -0.079382, -0.300978)
tracks/12/type = "rotation_3d"
tracks/12/imported = true
tracks/12/enabled = true
tracks/12/path = NodePath("Sketchfab_model/810f0276179d4425a118b331d5f38189_fbx/Object_2/RootNode/Rig/Object_8/Skeleton3D:UpArm_R_09")
tracks/12/interp = 1
tracks/12/loop_wrap = true
tracks/12/keys = PackedFloat32Array(0, 1, -0.0010078, -0.253459, -0.552677, 0.793918, 0.0333333, 1, -0.0264293, -0.324609, -0.519067, 0.790253, 0.0666667, 1, -0.0532414, -0.397351, -0.476599, 0.782388, 0.1, 1, -0.0595682, -0.40292, -0.468638, 0.783891, 0.133333, 1, -0.0519415, -0.386066, -0.468949, 0.79268, 0.166667, 1, -0.0323113, -0.380624, -0.457854, 0.802777, 0.2, 1, -0.0142727, -0.387747, -0.435297, 0.812382, 0.233333, 1, 0.00480655, -0.405541, -0.402282, 0.820782, 0.266667, 1, 0.033286, -0.431511, -0.359561, 0.826684, 0.3, 1, 0.0773426, -0.457831, -0.309841, 0.829703, 0.333333, 1, 0.147734, -0.472862, -0.257823, 0.82952, 0.366667, 1, 0.269055, -0.466509, -0.208001, 0.816526, 0.4, 1, 0.438409, -0.429861, -0.172205, 0.770301, 0.433333, 1, 0.43069, -0.367057, -0.19118, 0.802013, 0.466667, 1, 0.294533, -0.309908, -0.199291, 0.881754, 0.5, 1, 0.23951, -0.256934, -0.194415, 0.915873, 0.533333, 1, 0.212306, -0.214237, -0.185588, 0.935193, 0.566667, 1, 0.177977, -0.194818, -0.167548, 0.949893, 0.6, 1, 0.150271, -0.188434, -0.150362, 0.958803, 0.633333, 1, 0.134061, -0.188215, -0.139662, 0.962859, 0.648333, 1, 0.134061, -0.188215, -0.139662, 0.962859)
tracks/13/type = "rotation_3d"
tracks/13/imported = true
tracks/13/enabled = true
tracks/13/path = NodePath("Sketchfab_model/810f0276179d4425a118b331d5f38189_fbx/Object_2/RootNode/Rig/Object_8/Skeleton3D:Arm_R_08")
tracks/13/interp = 1
tracks/13/loop_wrap = true
tracks/13/keys = PackedFloat32Array(0, 1, 0.624847, -0.484163, -0.484162, -0.375153, 0.0333333, 1, 0.626584, -0.48281, -0.481912, -0.376892, 0.0666667, 1, 0.631521, -0.478898, -0.475425, -0.381851, 0.1, 1, 0.639211, -0.472589, -0.465033, -0.389632, 0.133333, 1, 0.649168, -0.464008, -0.451029, -0.399812, 0.166667, 1, 0.660872, -0.45327, -0.4337, -0.411946, 0.2, 1, 0.673779, -0.440509, -0.413363, -0.425565, 0.233333, 1, 0.687338, -0.425903, -0.390401, -0.440181, 0.266667, 1, 0.701015, -0.409696, -0.365273, -0.455305, 0.3, 1, 0.714314, -0.392203, -0.338529, -0.470457, 0.366667, 1, 0.738161, -0.354988, -0.282781, -0.499136, 0.4, 1, -0.748142, 0.33623, 0.255206, 0.51196, 0.433333, 1, -0.75663, 0.318072, 0.228817, 0.523434, 0.466667, 1, -0.763605, 0.301054, 0.204338, 0.533404, 0.5, 1, -0.769128, 0.285703, 0.182453, 0.541781, 0.533333, 1, -0.773315, 0.272519, 0.163803, 0.548531, 0.566667, 1, -0.776306, 0.261978, 0.148982, 0.553643, 0.6, 1, -0.778235, 0.254526, 0.138553, 0.557108, 0.633333, 1, -0.779192, 0.250597, 0.133069, 0.558887, 0.648333, 1, -0.779192, 0.250597, 0.13307, 0.558887)
tracks/14/type = "rotation_3d"
tracks/14/imported = true
tracks/14/enabled = true
tracks/14/path = NodePath("Sketchfab_model/810f0276179d4425a118b331d5f38189_fbx/Object_2/RootNode/Rig/Object_8/Skeleton3D:Bone_L.007_020")
tracks/14/interp = 1
tracks/14/loop_wrap = true
tracks/14/keys = PackedFloat32Array(0, 1, 0.00346606, -0.00258693, 0.219388, 0.975628, 0.0333333, 1, 0.00347582, -0.00257374, 0.215693, 0.976452, 0.0666667, 1, 0.00350312, -0.00253653, 0.205255, 0.978699, 0.1, 1, 0.00354524, -0.00247729, 0.188782, 0.98201, 0.133333, 1, 0.00359812, -0.00239983, 0.167441, 0.985873, 0.166667, 1, 0.00365525, -0.00231192, 0.143495, 0.989642, 0.2, 1, 0.00370783, -0.00222656, 0.120516, 0.992702, 0.233333, 1, 0.00374626, -0.0021613, 0.103119, 0.99466, 0.266667, 1, 0.00376102, -0.00213551, 0.0962798, 0.995345, 0.3, 1, 0.00372546, -0.00219696, 0.112607, 0.99363, 0.333333, 1, 0.00364388, -0.00232978, 0.148339, 0.988927, 0.366667, 1, 0.00355514, -0.00246307, 0.184849, 0.982757, 0.4, 1, 0.00349024, -0.00255416, 0.210195, 0.97765, 0.433333, 1, 0.00346608, -0.00258694, 0.219388, 0.975628, 0.648333, 1, 0.00346601, -0.00258687, 0.219388, 0.975628)
tracks/15/type = "rotation_3d"
tracks/15/imported = true
tracks/15/enabled = true
tracks/15/path = NodePath("Sketchfab_model/810f0276179d4425a118b331d5f38189_fbx/Object_2/RootNode/Rig/Object_8/Skeleton3D:Bone_L.006_019")
tracks/15/interp = 1
tracks/15/loop_wrap = true
tracks/15/keys = PackedFloat32Array(0, 1, -0.0103096, 0.00205546, 0.0735631, 0.997235, 0.0333333, 1, -0.0103173, 0.00201643, 0.0697873, 0.997506, 0.0666667, 1, -0.0103383, 0.00190617, 0.0591325, 0.998195, 0.1, 1, -0.0103688, 0.0017322, 0.0423529, 0.999047, 0.133333, 1, -0.010404, 0.0015069, 0.0206766, 0.999731, 0.166667, 1, -0.0104374, 0.00125428, -0.00356164, 0.999938, 0.2, 1, -0.0104637, 0.00101201, -0.02674, 0.999587, 0.233333, 1, -0.0104798, 0.00082867, -0.0442349, 0.998966, 0.266667, 1, -0.0104853, 0.000756625, -0.0511003, 0.998638, 0.3, 1, -0.0104714, 0.000928637, -0.0346988, 0.999343, 0.333333, 1, -0.0104312, 0.00130536, 0.00133465, 0.999944, 0.366667, 1, -0.0103757, 0.00169067, 0.0383531, 0.999209, 0.4, 1, -0.0103285, 0.00195835, 0.0641727, 0.997883, 0.433333, 1, -0.0103096, 0.0020555, 0.0735631, 0.997235, 0.648333, 1, -0.0103096, 0.00205546, 0.0735631, 0.997235)
tracks/16/type = "rotation_3d"
tracks/16/imported = true
tracks/16/enabled = true
tracks/16/path = NodePath("Sketchfab_model/810f0276179d4425a118b331d5f38189_fbx/Object_2/RootNode/Rig/Object_8/Skeleton3D:Bone_L.005_018")
tracks/16/interp = 1
tracks/16/loop_wrap = true
tracks/16/keys = PackedFloat32Array(0, 1, 0.277787, -0.208869, 0.184473, 0.919336, 0.0333333, 1, 0.269583, -0.199936, 0.178853, 0.924858, 0.0666667, 1, 0.247511, -0.176, 0.16374, 0.93859, 0.1, 1, 0.215348, -0.141356, 0.141733, 0.955801, 0.166667, 1, 0.138761, -0.0599062, 0.0893935, 0.984462, 0.2, 1, 0.10483, -0.0242583, 0.0662323, 0.991986, 0.233333, 1, 0.0808888, 0.000740444, 0.0498994, 0.995473, 0.266667, 1, 0.0718464, 0.0101497, 0.0437327, 0.996405, 0.3, 1, 0.0937729, -0.0126971, 0.0586881, 0.993781, 0.333333, 1, 0.146288, -0.0678494, 0.0945336, 0.982374, 0.366667, 1, 0.20807, -0.133555, 0.136756, 0.959254, 0.4, 1, 0.257768, -0.187106, 0.170762, 0.93241, 0.433333, 1, 0.277787, -0.208869, 0.184473, 0.919336, 0.648333, 1, 0.277787, -0.208869, 0.184473, 0.919336)
tracks/17/type = "rotation_3d"
tracks/17/imported = true
tracks/17/enabled = true
tracks/17/path = NodePath("Sketchfab_model/810f0276179d4425a118b331d5f38189_fbx/Object_2/RootNode/Rig/Object_8/Skeleton3D:Bone_L.011_024")
tracks/17/interp = 1
tracks/17/loop_wrap = true
tracks/17/keys = PackedFloat32Array(0, 1, 0.00253893, 0.0270905, 0.295121, 0.955072, 0.0333333, 1, 0.00232458, 0.0271097, 0.287557, 0.957377, 0.0666667, 1, 0.00175999, 0.0271521, 0.267574, 0.963153, 0.1, 1, 0.000958719, 0.0271923, 0.239063, 0.970623, 0.133333, 1, 2.80392e-05, 0.0272091, 0.205723, 0.978232, 0.166667, 1, -0.0009233, 0.0271935, 0.171394, 0.984827, 0.2, 1, -0.00177469, 0.0271512, 0.140461, 0.989712, 0.233333, 1, -0.00239044, 0.027104, 0.117963, 0.992645, 0.266667, 1, -0.00262705, 0.0270821, 0.109289, 0.993638, 0.3, 1, -0.00205722, 0.0271313, 0.13015, 0.991121, 0.333333, 1, -0.000736943, 0.0271992, 0.178139, 0.983629, 0.366667, 1, 0.000779534, 0.027198, 0.232663, 0.972177, 0.4, 1, 0.00202041, 0.027134, 0.276803, 0.960541, 0.433333, 1, 0.00253893, 0.0270904, 0.295121, 0.955072, 0.648333, 1, 0.00253892, 0.0270904, 0.295121, 0.955072)
tracks/18/type = "rotation_3d"
tracks/18/imported = true
tracks/18/enabled = true
tracks/18/path = NodePath("Sketchfab_model/810f0276179d4425a118b331d5f38189_fbx/Object_2/RootNode/Rig/Object_8/Skeleton3D:Bone_L.010_023")
tracks/18/interp = 1
tracks/18/loop_wrap = true
tracks/18/keys = PackedFloat32Array(0, 1, 0.00767845, 0.0141253, 0.247054, 0.968868, 0.0333333, 1, 0.00756649, 0.0141856, 0.239383, 0.970792, 0.0666667, 1, 0.0072697, 0.0143399, 0.219131, 0.975563, 0.1, 1, 0.00684377, 0.0145481, 0.190275, 0.981599, 0.133333, 1, 0.00634214, 0.0147736, 0.156588, 0.987533, 0.166667, 1, 0.00582173, 0.0149863, 0.121965, 0.992404, 0.2, 1, 0.00534942, 0.0151614, 0.0908182, 0.995738, 0.233333, 1, 0.00500397, 0.0152789, 0.0681963, 0.997542, 0.266667, 1, 0.00487032, 0.015322, 0.0594816, 0.9981, 0.3, 1, 0.0051913, 0.0152162, 0.0804469, 0.996629, 0.333333, 1, 0.00592428, 0.0149461, 0.128762, 0.991545, 0.366667, 1, 0.00674778, 0.0145928, 0.183804, 0.982831, 0.4, 1, 0.00740692, 0.0142696, 0.228481, 0.973416, 0.433333, 1, 0.00767841, 0.0141253, 0.247054, 0.968868, 0.648333, 1, 0.00767845, 0.0141253, 0.247054, 0.968868)
tracks/19/type = "rotation_3d"
tracks/19/imported = true
tracks/19/enabled = true
tracks/19/path = NodePath("Sketchfab_model/810f0276179d4425a118b331d5f38189_fbx/Object_2/RootNode/Rig/Object_8/Skeleton3D:Bone_L.009_022")
tracks/19/interp = 1
tracks/19/loop_wrap = true
tracks/19/keys = PackedFloat32Array(0, 1, 0.162526, -0.264481, 0.198297, 0.929684, 0.0333333, 1, 0.157545, -0.254679, 0.190261, 0.934943, 0.0666667, 1, 0.144146, -0.228369, 0.168709, 0.947949, 0.1, 1, 0.124625, -0.190181, 0.137476, 0.964054, 0.166667, 1, 0.0781797, -0.0999494, 0.0638901, 0.989857, 0.2, 1, 0.0576266, -0.0602847, 0.0316321, 0.996014, 0.233333, 1, 0.0431359, -0.0324127, 0.00899676, 0.998503, 0.266667, 1, 0.0376657, -0.0219107, 0.000474602, 0.99905, 0.3, 1, 0.0509329, -0.0474002, 0.0211652, 0.997352, 0.333333, 1, 0.0827413, -0.108774, 0.0710743, 0.988064, 0.366667, 1, 0.120209, -0.181565, 0.130437, 0.967249, 0.4, 1, 0.150372, -0.240585, 0.178712, 0.942109, 0.433333, 1, 0.162526, -0.264481, 0.198297, 0.929684, 0.648333, 1, 0.162526, -0.264481, 0.198297, 0.929684)
tracks/20/type = "rotation_3d"
tracks/20/imported = true
tracks/20/enabled = true
tracks/20/path = NodePath("Sketchfab_model/810f0276179d4425a118b331d5f38189_fbx/Object_2/RootNode/Rig/Object_8/Skeleton3D:Bone_L.008_021")
tracks/20/interp = 1
tracks/20/loop_wrap = true
tracks/20/keys = PackedFloat32Array(0, 1, -0.0457457, -0.0122572, -0.0166274, 0.99874, 0.133333, 1, -0.0452018, -0.0128817, -0.0176032, 0.99874, 0.233333, 1, -0.0447046, -0.0134527, -0.0184952, 0.998738, 0.366667, 1, -0.0453628, -0.0126969, -0.0173144, 0.99874, 0.648333, 1, -0.0457457, -0.0122572, -0.0166274, 0.99874)
tracks/21/type = "rotation_3d"
tracks/21/imported = true
tracks/21/enabled = true
tracks/21/path = NodePath("Sketchfab_model/810f0276179d4425a118b331d5f38189_fbx/Object_2/RootNode/Rig/Object_8/Skeleton3D:Bone_L.015_028")
tracks/21/interp = 1
tracks/21/loop_wrap = true
tracks/21/keys = PackedFloat32Array(0, 1, 0.0252246, 0.0144113, 0.245275, 0.969018, 0.0333333, 1, 0.0251744, 0.0144988, 0.24191, 0.969864, 0.0666667, 1, 0.0250477, 0.0147166, 0.23349, 0.971925, 0.1, 1, 0.0248824, 0.0149943, 0.222662, 0.974463, 0.133333, 1, 0.0247119, 0.0152738, 0.211666, 0.97691, 0.166667, 1, 0.0245589, 0.0155185, 0.201951, 0.978965, 0.2, 1, 0.0244371, 0.0157098, 0.194303, 0.980511, 0.233333, 1, 0.0243557, 0.0158355, 0.189245, 0.9815, 0.266667, 1, 0.0243257, 0.0158816, 0.187386, 0.981857, 0.3, 1, 0.0243991, 0.0157686, 0.191939, 0.980977, 0.333333, 1, 0.0245874, 0.0154734, 0.203747, 0.978592, 0.366667, 1, 0.0248479, 0.0150515, 0.220418, 0.974973, 0.4, 1, 0.0251052, 0.0146183, 0.237293, 0.971004, 0.433333, 1, 0.0252246, 0.0144113, 0.245275, 0.969018, 0.648333, 1, 0.0252246, 0.0144113, 0.245275, 0.969018)
tracks/22/type = "rotation_3d"
tracks/22/imported = true
tracks/22/enabled = true
